46,2
61,52
61,51
61,50
61,49
61,48
61,47
61,46
61,45
61,44
61,43
61,42
61,41
61,40
61,39
61,38
61,37
61,36
61,35
41,4
42,1
42,4
41,1
41,3
44,1
44,3
47,1
47,3
40,1
40,3
43,1
43,3
46,1
46,3
49,1
49,3
45,1
45,3
48,1
48,3
10,85
10,201
10,195
10,17
10,103
10,129
10,155
11,5
11,16
11,11
11,8
9,7
9,5
8,15
8,8
8,5
8,7
8,13
20,3
20,2
20,1
19,3
19,2
19,1
12,3
12,2
12,1
11,28
11,27
11,26
11,25
11,24
11,23
11,22
11,21
11,20
11,19
11,15
11,10
11,9
11,7
11,3
11,2
11,1
10,303
10,302
10,301
10,300
10,299
10,298
10,297
10,296
10,295
10,294
10,293
10,292
10,291
10,290
10,289
10,288
10,287
10,286
10,285
10,284
10,283
10,282
10,281
10,280
10,279
10,278
10,277
10,276
10,275
10,274
10,273
